38 1.80952381 4
13 2.6 1
34 1.789473684 4
42 1.909090909 4
59 3.470588235 3
33 3.666666667 2
52 2.476190476 4
54 2.7 4
53 17.66666667 1
34 6.8 1
54 6.75 2
48 3 3
47 2.473684211 4
14 1.4 2
44 4 2
34 2.125 3
33 3.666666667 2
28 1.4 4
34 2.615384615 3
10 3.333333333 1
20 2.222222222 2
19 0.863636364 4
19 2.714285714 1
26 1.529411765 3
33 1.833333333 4
23 3.833333333 1
54 13.5 1
39 13 1
48 5.333333333 2
31 1.823529412 3
40 10 1
36 1.636363636 4
43 1.954545455 4
33 1.65 4
60 3.157894737 4
57 2.714285714 4
55 3.666666667 3
13 1.3 2
60 6.666666667 2
26 1.857142857 3
18 1.636363636 2
30 2.307692308 3
32 1.454545455 4
16 1.066666667 3
40 10 1
48 2.285714286 4
46 7.666666667 1
29 1.526315789 4
32 2.133333333 3
42 2.8 3
25 1.666666667 3
42 3.230769231 3
49 6.125 2
37 2.466666667 3
34 1.7 4
43 1.954545455 4
19 0.95 4
49 6.125 2
16 3.2 1
30 2.727272727 2
49 3.5 3
16 5.333333333 1
49 2.227272727 4
16 0.761904762 4
11 1 2
20 2 2
28 2.333333333 2
32 2.461538462 3
54 3 4
35 3.5 2
37 2.055555556 4
27 2.076923077 3
24 3 2
43 2.263157895 4
10 1.666666667 1
22 1.294117647 3
57 2.85 4
55 6.111111111 2
29 4.142857143 1
43 3.071428571 3
39 1.95 4
37 3.083333333 2
38 2.235294118 3
60 7.5 2
18 1 4
22 1.375 3
35 3.5 2
33 3.666666667 2
57 14.25 1
39 6.5 1
42 3.818181818 2
44 6.285714286 1
15 3.75 1
32 5.333333333 1
11 2.2 1
41 5.857142857 1
15 1 3
26 2.166666667 2
26 2.888888889 2
